1035638
2411038
1930588
3969569
66805
165280
3475706
2040150
1497762
1869555
182463
2519996
1723225
2308444
2153641
2760096
36097
4087334
1483230
2642740
3150665
3560727
4044882
1494222
2991480
571232
986045
2547961
4099092
4059504
1244516
4017137
1666032
4011707
2787211
3560754
1314804
406027
1559471
1555958
1965014
1099149
2902533
3288659
522169
38720
3166974
3392242
2533255
694565
2452198
391748
3506334
2476021
828419
3972662
1629498
1478618
2602219
2389634
1005280
4142098
1185557
1286054
3065812
1166606
3544305
1532876
3155830
1409063
1355588
1733843
3913270
1903755
1570461
1145293
420754
4078247
3944515
3348060
1647488
439751
2108706
3995470
1929284
2288467
60832
726543
789185
2574219
4019859
2382699
1273053
1908032
3582420
795220
852133
1393797
587856
517198
281214
2528265
2108332
107347
155022
2251055
254723
3768297
1216356
2256032
295031
2844262
2790053
2229164
113838
3271481
241757
2849346
3617180
1006669
2987103
693754
3333975
3984524
1759992
1949716
3605491
2653860
988407
1309457
199356
1484103
4004589
3962847
3352442
983323
530776
800610
2406307
2525110
3378474
2336371
2952668
2491132
2441984
3157308
1846075
2002269
1319718
2346542
880208
3999079
2619731
3128724
3324179
72266
3623132
3661860
1920326
2587360
1273062
2026927
2748961
920053
2658302
3742832
2633321
1234066
212792
3295799
1036131
3273235
3298011
664098
1763193
1802727
2648421
217128
3683982
3848192
4476
2752346
3857016
747220
1166410
3814449
1935187
1033504
1645423
3777022
1289639
548211
3712159
1896678
77758
3749577
2418893
3774875
3532760
485216
2485634
2626666
1480219
2127409
283886
2337510
1517467
1655636
2919414
3954156
915200
2471132
965975
214369
1375158
1518475
2420189
1346450
3810780
2677269
3135317
1145767
373620
1741163
1152731
2238789
749223
3767781
3858128
1879770
2542924
47854
1631669
1769697
3352345
564753
626902
2731443
1505875
210512
994467
3247177
3591681
3131803
2700366
235450
2227472
2631815
2426642
2202079
452390
2920260
2999151
1664288
3602963
3771125
3188574
2999266
1380934
789404
202845
1278910
3023085
1080548
3516158
2009897
2501536
3244808
4050816
3770804
582648
1170761
373671
753100
3708052
2360408
90642
1019442
1590642
3895617
1393628
2875949
791262
2236505
969563
280802
3084395
1371102
2772347
3010271
2622683
2085617
3595043
1878131
3810314
4078510
2083000
485369
2488679
641593
4007898
4137168
477094
2921101
1546764
3672651
657876
3295264
3433204
1606002
2838061
3255349
1920413
3357942
1025126
2550544
172532
898141
1744747
2418711
3071635
2757093
574967
1817112
786097
611899
2330007
3398392
1938664
3345841
4124956
1499415
3916109
3254307
1060284
3277
4183079
1294180
3178861
1677678
530015
3337081
375159
108382
4031904
3719326
674134
2476982
1713105
772220
118919
2812464
1808529
3360423
1882372
3475192
3940082
2945013
1720491
4081710
1041091
2096347
335073
3963370
1103424
178310
2247264
3220377
1408028
2715901
1495588
3320498
2355551
2557985
1091818
994490
3309472
2681332
4038651
3586474
1571272
223780
3404852
1996762
2288750
3871074
1684416
3541926
1511087
1491606
3097347
159486
2699561
3303592
3608267
3950664
3470998
2072328
2049021
775140
1817690
2625992
4031568
3844299
2429209
1815964
2642951
399048
2604101
263341
767445
435162
293739
2011825
551026
2512489
2885810
3168601
2018493
1381099
35341
3540396
1831810
421335
262440
515955
3276648
916889
1280559
2420082
1259970
951424
1636895
3066813
2375774
4081544
2985296
3904758
1957553
1680645
1680291
2413545
3130906
2592072
2412936
2465911
1359682
4058958
631793
172379
1468899
3902655
3746061
531425
2523311
3082856
3698811
3740481
1518647
3114390
1020777
2378439
100900
3246754
1392629
1005727
818512
331307
985831
3435155
2518962
528499
442300
359090
3684407
2681220
3496108
1640263
3679530
2552991
2623305
2850878
102126
1931979
1217039
3216244
237367
1140258
1119242
2744894
161328
885448
1814943
1868738
1497435
716382
2091058
2529913
3501886
1893349
3182170
3194544
1541946
155667
1062652
2270327
2219596
1587505
476063
1032424
1836983
476562
1202410
1988961
814064
72938
3075151
1992383
1409130
3732150
4133482
499520
3293244
2362122
353191
252758
2119656
3043114
3966843
2847775
3225044
2481242
1019459
2866660
1086812
1604967
2721473
1895828
3437485
648834
2194919
3546522
654330
1250043
3090061
4085039
797648
1498536
2855527
1309877
2623679
108184
2981467
1415751
36283
3646473
1280598
301874
2640140
2738270
1513281
1302958
3361491
4080669
3950044
4151710
3264656
624882
3636690
3705804
23398
680379
314951
1021079
3597576
2311124
1323003
3840408
393929
97984
1508556
223587
673361
2519419
1306958
2615546
876803
425921
1583869
779323
1558865
4011440
2056257
3166478
3682448
3075381
3229560
829607
19509
1601208
4093667
1783500
1941173
1539506
3356991
1750161
2316925
1579445
1143175
3195544
2063595
3048866
1186897
880237
2434911
2355412
2647518
2912042
3824093
1177855
1405420
704272
4052228
3159995
2860296
1915500
2515063
3652502
2510601
2000800
1527566
309951
4182809
2642090
797583
134222
1745804
3626036
3231481
2626902
1273492
3513009
1576093
2025451
3964071
899985
3109073
1008728
1069651
2238290
1545224
2117603
1438956
617609
1806008
2267256
167020
2816194
555400
1864105
4084893
2521475
453057
503180
2536578
1789539
1397534
1555204
177321
3080870
980640
3873555
3980303
2364273
2873625
4192235
804571
1109798
2028719
123518
3212068
2009876
2213304
1484380
1586632
2946616
1426883
3780546
2903059
1827408
44761
1162436
3202785
3393571
4181339
3510440
2357401
24671
952383
3485535
1964363
4175875
1502621
3266407
1493749
1211886
4181230
3445026
3214295
1365660
3606696
3656958
4142451
129981
3251733
736428
2974915
982758
2866371
649172
2822895
1614113
1406482
2785714
955805
320686
2908623
2312985
1667786
2841327
1924615
2122614
1983974
574945
368286
3761006
3797709
918342
3597442
3048643
2227938
3337979
1326226
296273
3010960
3705537
3957695
3141092
2843425
512791
1257497
1868237
3847104
3853192
3634676
2451756
70711
1247273
1514611
3159529
3434217
843468
1885756
737909
2906413
3803090
2353496
731493
834606
3956001
1096845
3687983
3631137
1385830
1396965
3825968
1877368
2851390
381766
3468391
1181089
702855
1678443
3250729
3641232
900257
2143443
3845213
2489393
3675121
4068995
1323172
1524666
377241
233438
2000151
2277003
2446301
461059
3737900
3828538
249392
3235999
972666
3102484
1365911
93504
2547478
2391892
4148604
2309556
245352
235264
3441580
2802981
1994056
835641
2469074
2950934
663905
2443179
963134
3400607
1177042
3317101
1619554
2893213
2936359
2879662
1190660
375518
2473154
51745
1661613
3299738
2881001
4035866
2364515
759526
203455
2426876
24938
3139333
3308141
3185270
2907698
1866488
2612202
623330
2951753
769470
624582
2284514
2930337
2992206
2994050
2975776
1717786
1936482
3016452
2341883
3385793
173227
621766
3486622
1392857
1899577
2131569
448494
2169909
1271614
3703207
3145075
1983777
1221803
1000396
1494586
3596674
2073176
3747760
4055676
528765
2790620
1250569
2841519
1556099
1994874
510912
3961437
4106271
3514825
2292764
1827097
2144393
2882355
2286843
2153852
2994562
3012487
2048569
2569256
3416469
197207
1689484
3435882
1366628
3456013
2361130
3370496
1794619
3570176
1515419
4104777
3057070
3793433
3424538
3947017
1315238
4179442
3936537
597916
2542264
1350307
80237
2357097
3046472
1075395
3414211
1336081
3655804
140136
1549081
2346941
1526177
2772322
3152620
593855
2352670
655623
1210113
570744
3899830
1057137
3085455
3172437
1861990
2753330
1888985
461955
2998950
2590444
2421535
484032
678805
2736503
468745
3444619
853731
2700203
2893730
1216449
967972
823060
69656
2610303
2682001
3630391
3971464
3531004
3463394
668777
2639896
1483471
3997319
2711405
2272719
3811323
3610358
134265
928918
1056207
1838968
720001
2303712
1767578
2162765
95487
1598864
1938905
411577
3777732
1880507
3303803
99042
3526550
3557873
2925214
2627125
2905297
918752
1899738
972653
3908218
765450
2554161
2475255
1222784
3114368
4115552
727291
3127126
2807956
540730
2032103
995631
620398
2876010
2715363
3434157
158390
1570029
4144163
2338281
1821780
1604415
2503077
298577
71567
2966310
3884664
3279827
702134
2275517
3736358
3080563
2103233
820035
671627
3892598
1258793
4072186
4088536
3182787
415109
122927
3624988
427868
842330
663643
3069505
1579301
613820
1734685
1794031
1167484
3286613
2580374
3427941
3102587
3551884
334463
2191836
2659586
972173
3472951
2818715
823302
207866
3511723
3008384
2259429
760369
3999242
1673531
3434451
1385231
2184885
1604885
3903439
1623098
44035
2918074
1089218
1913848
1175036
2252265
1459170
3501251
494359
318374
3647648
95157
1694449
2966014
1346762
4114728
1172870
2869765
1209303
132545
3264907
3544397
789155
1268318
1361693
465561
1637419
1904197
2653169
3488043
2695221
2604319
3650282
3136139
2332691
1510735
1870553
524370
2055174
3075912
2512616
1628657
3030817
147336
3192606
2790930
645051
3010315
2986007
4105156
2381824
2535668
730880
987424
1868879
3844187
645518
2701235
2026631
376367
4028836
393870
4172195
13600
397569
1597017
2912861
2019512
2657090
3563878
2174937
3048621
805690
393305
42674
1585844
971910
934758
3381513
3772157
1524482
4094179
805775
4056769
1185701
2319201
3727819
3950641
638214
2452496
3663158
2719811
843182
2753995
1560335
3512531
1182504
1456563
1173017
1640632
1447553
3824603
1343438
2731869
2795979
2733309
3147743
3736
327174
1054177
1665296
3673989
4047245
481684
843785
3476009
4012309
353586
799423
3068875
3155961
444034
921247
414953
2550922
147010
3292118
894415
2181547
448400
1881461
3997674
3957020
3291997
2808929
459235
14440
148866
1128071
2155972
431706
987267
117710
1862249
3336108
935348
2394086
3171453
3929954
2822381
1204759
3293046
3371562
1454499
2407354
3095546
3683280
2545331
2406971
2752300
3674818
1035986
1026772
3349878
3280727
2010387
1576080
3523435
3492711
941973
3539039
2721915
2869911
2092517
1173352
3006771
951420
472391
2241813
3776990
1873825
1839781
539780
3776093
1589032
592982
3299479
1950016
4021431
1493424
1346019
1442308
2606358
1575616
2152272
1802646
3725236
3534877
1094752
3265602
987184
1231216
2079600
1978670
4129970
2482360
686759
3404205
1078477
3760380
2832247
2526654
2456161
3283109
2143998
1124111
813262
2490951
1284314
248055
1195665
115242
1963610
1628656
2921015
4141967
3412277
1892886
2909552
1656340
1981272
1299033
1710004
2513491
1774745
3567873
3513852
1414216
136057
3574368
2227606
2214569
1203046
1576803
106030
746484
2061630
30715
600518
9324
3663420
4037706
3944781
801767
601490
2872716
3832104
3364569
3584646
1812178
1342213
828297
2618120
884156
2892019
2372360
2432526
2841674
3396004
158968
3966322
3309338
1468032
263631
2115629
3237472
2122257
1022159
3706951
2694129
1869830
2638211
2559756
275927
1023993
3007496
2905695
3472116
1671381
315427
3970938
3753528
3822765
1089670
1146241
3300639
1909626
2373217
3775959
1439501
3927860
1444038
4169801
2243942
709725
606230
2956943
2598684
2656272
2543406
1416414
85666
3800913
3440275
13484
4181548
1104702
670086
1763069
2481221
3224217
1601882
4087037
3924422
2181852
4106512
947165
2925136
1546723
1687995
2792530
4055424
2673941
1179591
337500
3850514
353199
887249
2840386
620365
1996721
189248
2093580
721183
3304374
4075373
1178132
1747015
3156962
2321844
146316
2010141
2315451
1567573
1630002
4072074
177347
486819
740536
4083396
2100307
3712377
2175665
3687565
1276683
3925162
2753325
3983532
3375907
3890811
254322
2034299
1949809
1770991
3157922
2563676
3355667
3534633
2880082
3415577
75081
492732
1272975
3510812
1434862
30292
3012589
480678
2951891
3380148
754355
3053581
3398398
23946
2595196
3604042
275642
1279287
3850723
3820038
2592277
1404215
2326849
155263
384080
3771741
197811
2428845
2929811
3012779
610055
1305858
866293
1553956
1729905
147298
807638
3127935
425275
2869451
2509110
435763
1899255
232545
2050213
887268
1865488
2625155
955424
3369678
4015051
3155630
3516171
958803
1666628
1030147
3813959
3933541
1259034
3047750
4188459
3850012
3460844
4047446
2196482
658760
2243329
901904
3144319
981095
1408987
1402555
3248725
2377223
43951
2619156
2802965
1156872
3108382
344880
3736601
3906283
1554134
1319032
1036859
1075908
2568710
941825
1398990
2457626
3728629
3106494
1267744
640626
388171
329686
3664811
346591
442866
433864
2612965
3961223
3983812
1348553
1577303
1546896
2654859
1934620
4159401
1115774
453677
3417343
1012446
2529183
3460121
3608053
86023
1001130
2213510
3251014
3119194
2303563
3020071
1720203
3095683
965610
1526662
61496
1795529
3604601
1271133
1645357
2073712
1249475
3316895
1657434
1383582
1901096
2788163
1780114
2296265
460631
3094552
1450955
83079
2662422
339537
1789689
2701181
886732
259258
1175790
1617371
2295806
1602521
2661254
61618
2543242
1468819
50079
2592847
260861
998720
777316
1952630
3166950
2666572
3438434
366667
918178
611856
3654190
2797928
1085103
3326096
2687777
2786693
3748118
4077661
2064666
1331418
2907932
1176331
4103400
2411840
1912049
3694072
3661671
2463960
1197985
821886
2124835
230095
3332398
1467645
46737
600760
1601319
1339744
104170
3840186
1014218
3251764
64456
359305
3981354
3910299
1541826
2645289
2540924
3533763
1930284
1454085
2827316
3032025
479601
2941941
3073308
1910455
2246984
1838446
2384712
59366
1917514
3662072
3207461
2134492
3785308
4041191
1621924
3702691
1609862
1000709
2231780
864370
1996509
4052666
2356851
2007059
1728283
1622048
1365696
3942189
1924806
102164
3464662
4183031
1979033
2235234
2644273
4103693
3421477
4064696
616671
1318784
727436
11542
1142743
1370506
176490
1063967
551397
1010836
2610145
2226563
3464749
725397
2173959
1203607
2423745
3071528
611791
2450164
269680
1121514
4018881
2091212
1837679
612654
3281603
1350508
2906906
1824566
1941848
2130503
197522
3465622
625875
3627665
2537870
727193
1991397
2234984
477018
3652070
1488179
1092168
1733469
3990764
2035842
385352
2654803
3900382
3979821
3796109
332214
1640814
2945461
545562
2402452
1175739
2158366
888054
161403
4140853
4191008
3897212
3857106
909193
1673976
4169839
1444466
1681663
1619958
2309689
1773020
71682
1051079
1607077
4190242
2724555
3865260
439298
711920
1450127
2035130
354479
3451860
2959827
1925498
3512733
3964802
4128211
2272303
1858656
3883310
496464
3668762
3717123
748254
850506
3351367
363474
349951
1153176
1878086
2366454
702510
3859588
1377400
3724967
426407
3485450
3720835
865161
784233
164458
979111
2554490
2319525
2749014
360622
3905566
108449
4147228
791113
3619844
453578
1509266
276933
663380
2039097
2339045
3903995
4084347
224398
470948
3053185
1482094
1584763
2353345
3691058
3745691
2035723
4071304
4045352
1151915
2461464
3130610
3231323
2477805
423452
1737948
1727274
3921171
3625728
2578995
657936
976574
1970716
421195
2581505
2554933
368946
2150135
3902658
91462
676302
530251
2811091
1989727
3682009
1792061
2193010
3318919
536299
1016488
1911385
3729606
2599775
1744768
1296875
1331044
1268678
2189163
1826443
3759136
579034
2039850
3479803
3514980
1887147
4098449
2566031
1096505
2065505
219954
3526457
1917612
3925834
2011157
2673001
1055987
2651588
3346231
3696584
3980720
937432
579025
1138426
1667650
3888683
3732417
4156060
4101142
2462538
4094643
1429168
2873495
3862287
50697
1908177
3768904
3144761
1461183
470928
4116801
2853
2541024
4056945
493892
3721188
174196
2188018
34882
272036
200992
1666129
1903129
3025121
1760242
46987
3548439
2856048
957496
1804392
267928
957671
1192067
3471927
3272693
2838698
579147
2968872
1173947
3466301
1463284
2124041
1172986
2443560
2643804
3097192
543299
3238231
1495867
3869981
141008
3568711
1984285
3225151
1731073
3766539
3785722
3084210
1144392
1351339
752317
63605
3974237
3161075
4063829
1093376
187493
4089953
3643488
552427
20107
2814314
113045
3442524
